MySine100
0 683
1 725
2 768
3 810
4 852
5 893
6 934
7 973
8 1011
9 1048
10 1084
11 1118
12 1150
13 1180
14 1208
15 1235
16 1259
17 1281
18 1300
19 1317
20 1332
21 1344
22 1353
23 1360
24 1364
25 1365
26 1364
27 1360
28 1353
29 1344
30 1332
31 1317
32 1300
33 1281
34 1259
35 1235
36 1208
37 1180
38 1150
39 1118
40 1084
41 1048
42 1011
43 973
44 934
45 893
46 852
47 810
48 768
49 725
50 683
51 640
52 597
53 555
54 513
55 472
56 431
57 392
58 354
59 317
60 281
61 247
62 215
63 185
64 157
65 130
66 106
67 84
68 65
69 48
70 33
71 21
72 12
73 5
74 1
75 0
76 1
77 5
78 12
79 21
80 33
81 48
82 65
83 84
84 106
85 130
86 157
87 185
88 215
89 247
90 281
91 317
92 354
93 392
94 431
95 472
96 513
97 555
98 597
99 640
