MySine2000
0 683
1 685
2 687
3 689
4 691
5 693
6 695
7 698
8 700
9 702
10 704
11 706
12 708
13 710
14 713
15 715
16 717
17 719
18 721
19 723
20 725
21 727
22 730
23 732
24 734
25 736
26 738
27 740
28 742
29 745
30 747
31 749
32 751
33 753
34 755
35 757
36 760
37 762
38 764
39 766
40 768
41 770
42 772
43 774
44 777
45 779
46 781
47 783
48 785
49 787
50 789
51 791
52 793
53 796
54 798
55 800
56 802
57 804
58 806
59 808
60 810
61 812
62 815
63 817
64 819
65 821
66 823
67 825
68 827
69 829
70 831
71 833
72 836
73 838
74 840
75 842
76 844
77 846
78 848
79 850
80 852
81 854
82 856
83 858
84 861
85 863
86 865
87 867
88 869
89 871
90 873
91 875
92 877
93 879
94 881
95 883
96 885
97 887
98 889
99 891
100 893
101 895
102 897
103 900
104 902
105 904
106 906
107 908
108 910
109 912
110 914
111 916
112 918
113 920
114 922
115 924
116 926
117 928
118 930
119 932
120 934
121 936
122 938
123 940
124 942
125 944
126 946
127 948
128 950
129 952
130 954
131 956
132 957
133 959
134 961
135 963
136 965
137 967
138 969
139 971
140 973
141 975
142 977
143 979
144 981
145 983
146 985
147 987
148 989
149 990
150 992
151 994
152 996
153 998
154 1000
155 1002
156 1004
157 1006
158 1008
159 1009
160 1011
161 1013
162 1015
163 1017
164 1019
165 1021
166 1023
167 1024
168 1026
169 1028
170 1030
171 1032
172 1034
173 1035
174 1037
175 1039
176 1041
177 1043
178 1045
179 1046
180 1048
181 1050
182 1052
183 1054
184 1055
185 1057
186 1059
187 1061
188 1063
189 1064
190 1066
191 1068
192 1070
193 1071
194 1073
195 1075
196 1077
197 1078
198 1080
199 1082
200 1084
201 1085
202 1087
203 1089
204 1091
205 1092
206 1094
207 1096
208 1097
209 1099
210 1101
211 1103
212 1104
213 1106
214 1108
215 1109
216 1111
217 1113
218 1114
219 1116
220 1118
221 1119
222 1121
223 1122
224 1124
225 1126
226 1127
227 1129
228 1131
229 1132
230 1134
231 1135
232 1137
233 1139
234 1140
235 1142
236 1143
237 1145
238 1147
239 1148
240 1150
241 1151
242 1153
243 1154
244 1156
245 1157
246 1159
247 1161
248 1162
249 1164
250 1165
251 1167
252 1168
253 1170
254 1171
255 1173
256 1174
257 1176
258 1177
259 1179
260 1180
261 1181
262 1183
263 1184
264 1186
265 1187
266 1189
267 1190
268 1192
269 1193
270 1194
271 1196
272 1197
273 1199
274 1200
275 1201
276 1203
277 1204
278 1206
279 1207
280 1208
281 1210
282 1211
283 1212
284 1214
285 1215
286 1216
287 1218
288 1219
289 1220
290 1222
291 1223
292 1224
293 1226
294 1227
295 1228
296 1230
297 1231
298 1232
299 1233
300 1235
301 1236
302 1237
303 1238
304 1240
305 1241
306 1242
307 1243
308 1245
309 1246
310 1247
311 1248
312 1249
313 1251
314 1252
315 1253
316 1254
317 1255
318 1256
319 1258
320 1259
321 1260
322 1261
323 1262
324 1263
325 1264
326 1266
327 1267
328 1268
329 1269
330 1270
331 1271
332 1272
333 1273
334 1274
335 1275
336 1276
337 1277
338 1279
339 1280
340 1281
341 1282
342 1283
343 1284
344 1285
345 1286
346 1287
347 1288
348 1289
349 1290
350 1291
351 1292
352 1293
353 1294
354 1294
355 1295
356 1296
357 1297
358 1298
359 1299
360 1300
361 1301
362 1302
363 1303
364 1304
365 1305
366 1305
367 1306
368 1307
369 1308
370 1309
371 1310
372 1311
373 1311
374 1312
375 1313
376 1314
377 1315
378 1315
379 1316
380 1317
381 1318
382 1319
383 1319
384 1320
385 1321
386 1322
387 1322
388 1323
389 1324
390 1325
391 1325
392 1326
393 1327
394 1328
395 1328
396 1329
397 1330
398 1330
399 1331
400 1332
401 1332
402 1333
403 1334
404 1334
405 1335
406 1335
407 1336
408 1337
409 1337
410 1338
411 1338
412 1339
413 1340
414 1340
415 1341
416 1341
417 1342
418 1342
419 1343
420 1344
421 1344
422 1345
423 1345
424 1346
425 1346
426 1347
427 1347
428 1348
429 1348
430 1349
431 1349
432 1349
433 1350
434 1350
435 1351
436 1351
437 1352
438 1352
439 1353
440 1353
441 1353
442 1354
443 1354
444 1354
445 1355
446 1355
447 1356
448 1356
449 1356
450 1357
451 1357
452 1357
453 1358
454 1358
455 1358
456 1358
457 1359
458 1359
459 1359
460 1360
461 1360
462 1360
463 1360
464 1361
465 1361
466 1361
467 1361
468 1362
469 1362
470 1362
471 1362
472 1362
473 1363
474 1363
475 1363
476 1363
477 1363
478 1363
479 1364
480 1364
481 1364
482 1364
483 1364
484 1364
485 1364
486 1364
487 1364
488 1365
489 1365
490 1365
491 1365
492 1365
493 1365
494 1365
495 1365
496 1365
497 1365
498 1365
499 1365
500 1365
501 1365
502 1365
503 1365
504 1365
505 1365
506 1365
507 1365
508 1365
509 1365
510 1365
511 1365
512 1365
513 1364
514 1364
515 1364
516 1364
517 1364
518 1364
519 1364
520 1364
521 1364
522 1363
523 1363
524 1363
525 1363
526 1363
527 1363
528 1362
529 1362
530 1362
531 1362
532 1362
533 1361
534 1361
535 1361
536 1361
537 1360
538 1360
539 1360
540 1360
541 1359
542 1359
543 1359
544 1358
545 1358
546 1358
547 1358
548 1357
549 1357
550 1357
551 1356
552 1356
553 1356
554 1355
555 1355
556 1354
557 1354
558 1354
559 1353
560 1353
561 1353
562 1352
563 1352
564 1351
565 1351
566 1350
567 1350
568 1349
569 1349
570 1349
571 1348
572 1348
573 1347
574 1347
575 1346
576 1346
577 1345
578 1345
579 1344
580 1344
581 1343
582 1342
583 1342
584 1341
585 1341
586 1340
587 1340
588 1339
589 1338
590 1338
591 1337
592 1337
593 1336
594 1335
595 1335
596 1334
597 1334
598 1333
599 1332
600 1332
601 1331
602 1330
603 1330
604 1329
605 1328
606 1328
607 1327
608 1326
609 1325
610 1325
611 1324
612 1323
613 1322
614 1322
615 1321
616 1320
617 1319
618 1319
619 1318
620 1317
621 1316
622 1315
623 1315
624 1314
625 1313
626 1312
627 1311
628 1311
629 1310
630 1309
631 1308
632 1307
633 1306
634 1305
635 1305
636 1304
637 1303
638 1302
639 1301
640 1300
641 1299
642 1298
643 1297
644 1296
645 1295
646 1294
647 1294
648 1293
649 1292
650 1291
651 1290
652 1289
653 1288
654 1287
655 1286
656 1285
657 1284
658 1283
659 1282
660 1281
661 1280
662 1279
663 1277
664 1276
665 1275
666 1274
667 1273
668 1272
669 1271
670 1270
671 1269
672 1268
673 1267
674 1266
675 1264
676 1263
677 1262
678 1261
679 1260
680 1259
681 1258
682 1256
683 1255
684 1254
685 1253
686 1252
687 1251
688 1249
689 1248
690 1247
691 1246
692 1245
693 1243
694 1242
695 1241
696 1240
697 1238
698 1237
699 1236
700 1235
701 1233
702 1232
703 1231
704 1230
705 1228
706 1227
707 1226
708 1224
709 1223
710 1222
711 1220
712 1219
713 1218
714 1216
715 1215
716 1214
717 1212
718 1211
719 1210
720 1208
721 1207
722 1206
723 1204
724 1203
725 1201
726 1200
727 1199
728 1197
729 1196
730 1194
731 1193
732 1192
733 1190
734 1189
735 1187
736 1186
737 1184
738 1183
739 1181
740 1180
741 1179
742 1177
743 1176
744 1174
745 1173
746 1171
747 1170
748 1168
749 1167
750 1165
751 1164
752 1162
753 1161
754 1159
755 1157
756 1156
757 1154
758 1153
759 1151
760 1150
761 1148
762 1147
763 1145
764 1143
765 1142
766 1140
767 1139
768 1137
769 1135
770 1134
771 1132
772 1131
773 1129
774 1127
775 1126
776 1124
777 1122
778 1121
779 1119
780 1118
781 1116
782 1114
783 1113
784 1111
785 1109
786 1108
787 1106
788 1104
789 1103
790 1101
791 1099
792 1097
793 1096
794 1094
795 1092
796 1091
797 1089
798 1087
799 1085
800 1084
801 1082
802 1080
803 1078
804 1077
805 1075
806 1073
807 1071
808 1070
809 1068
810 1066
811 1064
812 1063
813 1061
814 1059
815 1057
816 1055
817 1054
818 1052
819 1050
820 1048
821 1046
822 1045
823 1043
824 1041
825 1039
826 1037
827 1035
828 1034
829 1032
830 1030
831 1028
832 1026
833 1024
834 1023
835 1021
836 1019
837 1017
838 1015
839 1013
840 1011
841 1009
842 1008
843 1006
844 1004
845 1002
846 1000
847 998
848 996
849 994
850 992
851 990
852 989
853 987
854 985
855 983
856 981
857 979
858 977
859 975
860 973
861 971
862 969
863 967
864 965
865 963
866 961
867 959
868 957
869 956
870 954
871 952
872 950
873 948
874 946
875 944
876 942
877 940
878 938
879 936
880 934
881 932
882 930
883 928
884 926
885 924
886 922
887 920
888 918
889 916
890 914
891 912
892 910
893 908
894 906
895 904
896 902
897 900
898 897
899 895
900 893
901 891
902 889
903 887
904 885
905 883
906 881
907 879
908 877
909 875
910 873
911 871
912 869
913 867
914 865
915 863
916 861
917 858
918 856
919 854
920 852
921 850
922 848
923 846
924 844
925 842
926 840
927 838
928 836
929 833
930 831
931 829
932 827
933 825
934 823
935 821
936 819
937 817
938 815
939 812
940 810
941 808
942 806
943 804
944 802
945 800
946 798
947 796
948 793
949 791
950 789
951 787
952 785
953 783
954 781
955 779
956 777
957 774
958 772
959 770
960 768
961 766
962 764
963 762
964 760
965 757
966 755
967 753
968 751
969 749
970 747
971 745
972 742
973 740
974 738
975 736
976 734
977 732
978 730
979 727
980 725
981 723
982 721
983 719
984 717
985 715
986 713
987 710
988 708
989 706
990 704
991 702
992 700
993 698
994 695
995 693
996 691
997 689
998 687
999 685
1000 683
1001 680
1002 678
1003 676
1004 674
1005 672
1006 670
1007 667
1008 665
1009 663
1010 661
1011 659
1012 657
1013 655
1014 652
1015 650
1016 648
1017 646
1018 644
1019 642
1020 640
1021 638
1022 635
1023 633
1024 631
1025 629
1026 627
1027 625
1028 623
1029 620
1030 618
1031 616
1032 614
1033 612
1034 610
1035 608
1036 605
1037 603
1038 601
1039 599
1040 597
1041 595
1042 593
1043 591
1044 588
1045 586
1046 584
1047 582
1048 580
1049 578
1050 576
1051 574
1052 572
1053 569
1054 567
1055 565
1056 563
1057 561
1058 559
1059 557
1060 555
1061 553
1062 550
1063 548
1064 546
1065 544
1066 542
1067 540
1068 538
1069 536
1070 534
1071 532
1072 529
1073 527
1074 525
1075 523
1076 521
1077 519
1078 517
1079 515
1080 513
1081 511
1082 509
1083 507
1084 504
1085 502
1086 500
1087 498
1088 496
1089 494
1090 492
1091 490
1092 488
1093 486
1094 484
1095 482
1096 480
1097 478
1098 476
1099 474
1100 472
1101 470
1102 468
1103 465
1104 463
1105 461
1106 459
1107 457
1108 455
1109 453
1110 451
1111 449
1112 447
1113 445
1114 443
1115 441
1116 439
1117 437
1118 435
1119 433
1120 431
1121 429
1122 427
1123 425
1124 423
1125 421
1126 419
1127 417
1128 415
1129 413
1130 411
1131 409
1132 408
1133 406
1134 404
1135 402
1136 400
1137 398
1138 396
1139 394
1140 392
1141 390
1142 388
1143 386
1144 384
1145 382
1146 380
1147 378
1148 376
1149 375
1150 373
1151 371
1152 369
1153 367
1154 365
1155 363
1156 361
1157 359
1158 357
1159 356
1160 354
1161 352
1162 350
1163 348
1164 346
1165 344
1166 342
1167 341
1168 339
1169 337
1170 335
1171 333
1172 331
1173 330
1174 328
1175 326
1176 324
1177 322
1178 320
1179 319
1180 317
1181 315
1182 313
1183 311
1184 310
1185 308
1186 306
1187 304
1188 302
1189 301
1190 299
1191 297
1192 295
1193 294
1194 292
1195 290
1196 288
1197 287
1198 285
1199 283
1200 281
1201 280
1202 278
1203 276
1204 274
1205 273
1206 271
1207 269
1208 268
1209 266
1210 264
1211 262
1212 261
1213 259
1214 257
1215 256
1216 254
1217 252
1218 251
1219 249
1220 247
1221 246
1222 244
1223 243
1224 241
1225 239
1226 238
1227 236
1228 234
1229 233
1230 231
1231 230
1232 228
1233 226
1234 225
1235 223
1236 222
1237 220
1238 218
1239 217
1240 215
1241 214
1242 212
1243 211
1244 209
1245 208
1246 206
1247 204
1248 203
1249 201
1250 200
1251 198
1252 197
1253 195
1254 194
1255 192
1256 191
1257 189
1258 188
1259 186
1260 185
1261 184
1262 182
1263 181
1264 179
1265 178
1266 176
1267 175
1268 173
1269 172
1270 171
1271 169
1272 168
1273 166
1274 165
1275 164
1276 162
1277 161
1278 159
1279 158
1280 157
1281 155
1282 154
1283 153
1284 151
1285 150
1286 149
1287 147
1288 146
1289 145
1290 143
1291 142
1292 141
1293 139
1294 138
1295 137
1296 135
1297 134
1298 133
1299 132
1300 130
1301 129
1302 128
1303 127
1304 125
1305 124
1306 123
1307 122
1308 120
1309 119
1310 118
1311 117
1312 116
1313 114
1314 113
1315 112
1316 111
1317 110
1318 109
1319 107
1320 106
1321 105
1322 104
1323 103
1324 102
1325 101
1326 99
1327 98
1328 97
1329 96
1330 95
1331 94
1332 93
1333 92
1334 91
1335 90
1336 89
1337 88
1338 86
1339 85
1340 84
1341 83
1342 82
1343 81
1344 80
1345 79
1346 78
1347 77
1348 76
1349 75
1350 74
1351 73
1352 72
1353 71
1354 71
1355 70
1356 69
1357 68
1358 67
1359 66
1360 65
1361 64
1362 63
1363 62
1364 61
1365 60
1366 60
1367 59
1368 58
1369 57
1370 56
1371 55
1372 54
1373 54
1374 53
1375 52
1376 51
1377 50
1378 50
1379 49
1380 48
1381 47
1382 46
1383 46
1384 45
1385 44
1386 43
1387 43
1388 42
1389 41
1390 40
1391 40
1392 39
1393 38
1394 37
1395 37
1396 36
1397 35
1398 35
1399 34
1400 33
1401 33
1402 32
1403 31
1404 31
1405 30
1406 30
1407 29
1408 28
1409 28
1410 27
1411 27
1412 26
1413 25
1414 25
1415 24
1416 24
1417 23
1418 23
1419 22
1420 21
1421 21
1422 20
1423 20
1424 19
1425 19
1426 18
1427 18
1428 17
1429 17
1430 16
1431 16
1432 16
1433 15
1434 15
1435 14
1436 14
1437 13
1438 13
1439 12
1440 12
1441 12
1442 11
1443 11
1444 11
1445 10
1446 10
1447 9
1448 9
1449 9
1450 8
1451 8
1452 8
1453 7
1454 7
1455 7
1456 7
1457 6
1458 6
1459 6
1460 5
1461 5
1462 5
1463 5
1464 4
1465 4
1466 4
1467 4
1468 3
1469 3
1470 3
1471 3
1472 3
1473 2
1474 2
1475 2
1476 2
1477 2
1478 2
1479 1
1480 1
1481 1
1482 1
1483 1
1484 1
1485 1
1486 1
1487 1
1488 0
1489 0
1490 0
1491 0
1492 0
1493 0
1494 0
1495 0
1496 0
1497 0
1498 0
1499 0
1500 0
1501 0
1502 0
1503 0
1504 0
1505 0
1506 0
1507 0
1508 0
1509 0
1510 0
1511 0
1512 0
1513 1
1514 1
1515 1
1516 1
1517 1
1518 1
1519 1
1520 1
1521 1
1522 2
1523 2
1524 2
1525 2
1526 2
1527 2
1528 3
1529 3
1530 3
1531 3
1532 3
1533 4
1534 4
1535 4
1536 4
1537 5
1538 5
1539 5
1540 5
1541 6
1542 6
1543 6
1544 7
1545 7
1546 7
1547 7
1548 8
1549 8
1550 8
1551 9
1552 9
1553 9
1554 10
1555 10
1556 11
1557 11
1558 11
1559 12
1560 12
1561 12
1562 13
1563 13
1564 14
1565 14
1566 15
1567 15
1568 16
1569 16
1570 16
1571 17
1572 17
1573 18
1574 18
1575 19
1576 19
1577 20
1578 20
1579 21
1580 21
1581 22
1582 23
1583 23
1584 24
1585 24
1586 25
1587 25
1588 26
1589 27
1590 27
1591 28
1592 28
1593 29
1594 30
1595 30
1596 31
1597 31
1598 32
1599 33
1600 33
1601 34
1602 35
1603 35
1604 36
1605 37
1606 37
1607 38
1608 39
1609 40
1610 40
1611 41
1612 42
1613 43
1614 43
1615 44
1616 45
1617 46
1618 46
1619 47
1620 48
1621 49
1622 50
1623 50
1624 51
1625 52
1626 53
1627 54
1628 54
1629 55
1630 56
1631 57
1632 58
1633 59
1634 60
1635 60
1636 61
1637 62
1638 63
1639 64
1640 65
1641 66
1642 67
1643 68
1644 69
1645 70
1646 71
1647 71
1648 72
1649 73
1650 74
1651 75
1652 76
1653 77
1654 78
1655 79
1656 80
1657 81
1658 82
1659 83
1660 84
1661 85
1662 86
1663 88
1664 89
1665 90
1666 91
1667 92
1668 93
1669 94
1670 95
1671 96
1672 97
1673 98
1674 99
1675 101
1676 102
1677 103
1678 104
1679 105
1680 106
1681 107
1682 109
1683 110
1684 111
1685 112
1686 113
1687 114
1688 116
1689 117
1690 118
1691 119
1692 120
1693 122
1694 123
1695 124
1696 125
1697 127
1698 128
1699 129
1700 130
1701 132
1702 133
1703 134
1704 135
1705 137
1706 138
1707 139
1708 141
1709 142
1710 143
1711 145
1712 146
1713 147
1714 149
1715 150
1716 151
1717 153
1718 154
1719 155
1720 157
1721 158
1722 159
1723 161
1724 162
1725 164
1726 165
1727 166
1728 168
1729 169
1730 171
1731 172
1732 173
1733 175
1734 176
1735 178
1736 179
1737 181
1738 182
1739 184
1740 185
1741 186
1742 188
1743 189
1744 191
1745 192
1746 194
1747 195
1748 197
1749 198
1750 200
1751 201
1752 203
1753 204
1754 206
1755 208
1756 209
1757 211
1758 212
1759 214
1760 215
1761 217
1762 218
1763 220
1764 222
1765 223
1766 225
1767 226
1768 228
1769 230
1770 231
1771 233
1772 234
1773 236
1774 238
1775 239
1776 241
1777 243
1778 244
1779 246
1780 247
1781 249
1782 251
1783 252
1784 254
1785 256
1786 257
1787 259
1788 261
1789 262
1790 264
1791 266
1792 268
1793 269
1794 271
1795 273
1796 274
1797 276
1798 278
1799 280
1800 281
1801 283
1802 285
1803 287
1804 288
1805 290
1806 292
1807 294
1808 295
1809 297
1810 299
1811 301
1812 302
1813 304
1814 306
1815 308
1816 310
1817 311
1818 313
1819 315
1820 317
1821 319
1822 320
1823 322
1824 324
1825 326
1826 328
1827 330
1828 331
1829 333
1830 335
1831 337
1832 339
1833 341
1834 342
1835 344
1836 346
1837 348
1838 350
1839 352
1840 354
1841 356
1842 357
1843 359
1844 361
1845 363
1846 365
1847 367
1848 369
1849 371
1850 373
1851 375
1852 376
1853 378
1854 380
1855 382
1856 384
1857 386
1858 388
1859 390
1860 392
1861 394
1862 396
1863 398
1864 400
1865 402
1866 404
1867 406
1868 408
1869 409
1870 411
1871 413
1872 415
1873 417
1874 419
1875 421
1876 423
1877 425
1878 427
1879 429
1880 431
1881 433
1882 435
1883 437
1884 439
1885 441
1886 443
1887 445
1888 447
1889 449
1890 451
1891 453
1892 455
1893 457
1894 459
1895 461
1896 463
1897 465
1898 468
1899 470
1900 472
1901 474
1902 476
1903 478
1904 480
1905 482
1906 484
1907 486
1908 488
1909 490
1910 492
1911 494
1912 496
1913 498
1914 500
1915 502
1916 504
1917 507
1918 509
1919 511
1920 513
1921 515
1922 517
1923 519
1924 521
1925 523
1926 525
1927 527
1928 529
1929 532
1930 534
1931 536
1932 538
1933 540
1934 542
1935 544
1936 546
1937 548
1938 550
1939 553
1940 555
1941 557
1942 559
1943 561
1944 563
1945 565
1946 567
1947 569
1948 572
1949 574
1950 576
1951 578
1952 580
1953 582
1954 584
1955 586
1956 588
1957 591
1958 593
1959 595
1960 597
1961 599
1962 601
1963 603
1964 605
1965 608
1966 610
1967 612
1968 614
1969 616
1970 618
1971 620
1972 623
1973 625
1974 627
1975 629
1976 631
1977 633
1978 635
1979 638
1980 640
1981 642
1982 644
1983 646
1984 648
1985 650
1986 652
1987 655
1988 657
1989 659
1990 661
1991 663
1992 665
1993 667
1994 670
1995 672
1996 674
1997 676
1998 678
1999 680
