MySine200
0 683
1 704
2 725
3 747
4 768
5 789
6 810
7 831
8 852
9 873
10 893
11 914
12 934
13 954
14 973
15 992
16 1011
17 1030
18 1048
19 1066
20 1084
21 1101
22 1118
23 1134
24 1150
25 1165
26 1180
27 1194
28 1208
29 1222
30 1235
31 1247
32 1259
33 1270
34 1281
35 1291
36 1300
37 1309
38 1317
39 1325
40 1332
41 1338
42 1344
43 1349
44 1353
45 1357
46 1360
47 1362
48 1364
49 1365
50 1365
51 1365
52 1364
53 1362
54 1360
55 1357
56 1353
57 1349
58 1344
59 1338
60 1332
61 1325
62 1317
63 1309
64 1300
65 1291
66 1281
67 1270
68 1259
69 1247
70 1235
71 1222
72 1208
73 1194
74 1180
75 1165
76 1150
77 1134
78 1118
79 1101
80 1084
81 1066
82 1048
83 1030
84 1011
85 992
86 973
87 954
88 934
89 914
90 893
91 873
92 852
93 831
94 810
95 789
96 768
97 747
98 725
99 704
100 683
101 661
102 640
103 618
104 597
105 576
106 555
107 534
108 513
109 492
110 472
111 451
112 431
113 411
114 392
115 373
116 354
117 335
118 317
119 299
120 281
121 264
122 247
123 231
124 215
125 200
126 185
127 171
128 157
129 143
130 130
131 118
132 106
133 95
134 84
135 74
136 65
137 56
138 48
139 40
140 33
141 27
142 21
143 16
144 12
145 8
146 5
147 3
148 1
149 0
150 0
151 0
152 1
153 3
154 5
155 8
156 12
157 16
158 21
159 27
160 33
161 40
162 48
163 56
164 65
165 74
166 84
167 95
168 106
169 118
170 130
171 143
172 157
173 171
174 185
175 200
176 215
177 231
178 247
179 264
180 281
181 299
182 317
183 335
184 354
185 373
186 392
187 411
188 431
189 451
190 472
191 492
192 513
193 534
194 555
195 576
196 597
197 618
198 640
199 661
