MySine2000 = 1k + 10k 
0 2048
1 2071
2 2094
3 2118
4 2141
5 2164
6 2187
7 2211
8 2234
9 2257
10 2279
11 2302
12 2324
13 2346
14 2368
15 2389
16 2410
17 2431
18 2451
19 2471
20 2491
21 2510
22 2530
23 2548
24 2566
25 2583
26 2600
27 2616
28 2632
29 2649
30 2664
31 2678
32 2692
33 2705
34 2718
35 2730
36 2742
37 2753
38 2763
39 2773
40 2782
41 2790
42 2798
43 2805
44 2812
45 2818
46 2823
47 2827
48 2831
49 2834
50 2836
51 2838
52 2839
53 2840
54 2840
55 2839
56 2837
57 2835
58 2832
59 2828
60 2824
61 2819
62 2814
63 2808
64 2801
65 2794
66 2786
67 2777
68 2768
69 2758
70 2748
71 2737
72 2726
73 2714
74 2702
75 2689
76 2676
77 2662
78 2648
79 2633
80 2618
81 2602
82 2586
83 2570
84 2554
85 2537
86 2520
87 2503
88 2485
89 2467
90 2448
91 2430
92 2411
93 2392
94 2373
95 2354
96 2335
97 2316
98 2296
99 2277
100 2258
101 2238
102 2219
103 2200
104 2181
105 2162
106 2143
107 2124
108 2105
109 2086
110 2068
111 2049
112 2031
113 2013
114 1996
115 1979
116 1962
117 1945
118 1929
119 1913
120 1897
121 1882
122 1867
123 1853
124 1839
125 1826
126 1813
127 1801
128 1789
129 1777
130 1766
131 1756
132 1745
133 1736
134 1727
135 1719
136 1712
137 1705
138 1699
139 1693
140 1688
141 1684
142 1680
143 1677
144 1675
145 1673
146 1672
147 1672
148 1672
149 1672
150 1674
151 1676
152 1679
153 1683
154 1687
155 1692
156 1698
157 1704
158 1711
159 1718
160 1726
161 1735
162 1745
163 1755
164 1766
165 1777
166 1789
167 1801
168 1814
169 1828
170 1842
171 1857
172 1873
173 1888
174 1904
175 1921
176 1938
177 1956
178 1974
179 1992
180 2011
181 2031
182 2051
183 2071
184 2091
185 2112
186 2133
187 2154
188 2176
189 2197
190 2220
191 2242
192 2265
193 2287
194 2310
195 2333
196 2356
197 2378
198 2402
199 2425
200 2449
201 2471
202 2494
203 2518
204 2541
205 2563
206 2586
207 2609
208 2631
209 2654
210 2676
211 2699
212 2720
213 2742
214 2763
215 2783
216 2804
217 2825
218 2844
219 2864
220 2884
221 2902
222 2921
223 2938
224 2956
225 2973
226 2989
227 3005
228 3021
229 3036
230 3051
231 3064
232 3078
233 3091
234 3103
235 3115
236 3125
237 3136
238 3146
239 3155
240 3164
241 3171
242 3179
243 3185
244 3191
245 3196
246 3201
247 3205
248 3208
249 3211
250 3212
251 3214
252 3214
253 3214
254 3213
255 3212
256 3209
257 3207
258 3203
259 3199
260 3194
261 3188
262 3182
263 3175
264 3168
265 3160
266 3152
267 3142
268 3133
269 3122
270 3111
271 3100
272 3087
273 3075
274 3062
275 3048
276 3035
277 3020
278 3006
279 2990
280 2974
281 2958
282 2941
283 2924
284 2907
285 2889
286 2871
287 2854
288 2835
289 2816
290 2797
291 2778
292 2758
293 2739
294 2719
295 2699
296 2680
297 2660
298 2639
299 2619
300 2600
301 2579
302 2559
303 2538
304 2519
305 2499
306 2479
307 2459
308 2440
309 2420
310 2401
311 2381
312 2362
313 2344
314 2326
315 2308
316 2290
317 2272
318 2255
319 2239
320 2222
321 2206
322 2190
323 2175
324 2160
325 2146
326 2133
327 2120
328 2107
329 2094
330 2082
331 2071
332 2060
333 2050
334 2040
335 2031
336 2023
337 2015
338 2009
339 2002
340 1996
341 1991
342 1986
343 1982
344 1979
345 1976
346 1974
347 1973
348 1972
349 1972
350 1973
351 1974
352 1976
353 1979
354 1981
355 1985
356 1990
357 1995
358 2001
359 2008
360 2015
361 2023
362 2032
363 2041
364 2051
365 2061
366 2071
367 2083
368 2095
369 2108
370 2121
371 2135
372 2150
373 2164
374 2179
375 2195
376 2211
377 2228
378 2244
379 2262
380 2280
381 2299
382 2318
383 2336
384 2356
385 2376
386 2396
387 2415
388 2436
389 2457
390 2479
391 2499
392 2521
393 2543
394 2565
395 2586
396 2608
397 2630
398 2652
399 2674
400 2697
401 2718
402 2740
403 2763
404 2784
405 2806
406 2827
407 2849
408 2871
409 2892
410 2913
411 2934
412 2955
413 2976
414 2995
415 3015
416 3034
417 3054
418 3072
419 3091
420 3110
421 3127
422 3145
423 3161
424 3178
425 3193
426 3209
427 3223
428 3238
429 3252
430 3266
431 3278
432 3290
433 3302
434 3313
435 3324
436 3333
437 3343
438 3351
439 3360
440 3367
441 3373
442 3380
443 3385
444 3389
445 3394
446 3397
447 3400
448 3402
449 3403
450 3404
451 3404
452 3403
453 3402
454 3400
455 3397
456 3393
457 3390
458 3385
459 3379
460 3374
461 3367
462 3359
463 3351
464 3343
465 3334
466 3324
467 3313
468 3303
469 3291
470 3279
471 3266
472 3252
473 3239
474 3225
475 3210
476 3195
477 3179
478 3163
479 3147
480 3130
481 3112
482 3094
483 3076
484 3057
485 3038
486 3019
487 3000
488 2981
489 2961
490 2940
491 2920
492 2899
493 2878
494 2857
495 2836
496 2815
497 2794
498 2772
499 2751
500 2730
501 2708
502 2687
503 2665
504 2644
505 2623
506 2602
507 2581
508 2560
509 2539
510 2519
511 2498
512 2478
513 2457
514 2438
515 2419
516 2400
517 2381
518 2363
519 2345
520 2327
521 2310
522 2292
523 2276
524 2260
525 2245
526 2230
527 2216
528 2201
529 2187
530 2174
531 2162
532 2150
533 2138
534 2127
535 2117
536 2108
537 2098
538 2090
539 2082
540 2075
541 2068
542 2062
543 2057
544 2052
545 2048
546 2045
547 2043
548 2040
549 2039
550 2039
551 2038
552 2039
553 2041
554 2042
555 2045
556 2048
557 2052
558 2057
559 2062
560 2068
561 2075
562 2082
563 2090
564 2098
565 2107
566 2116
567 2127
568 2137
569 2149
570 2161
571 2173
572 2187
573 2200
574 2214
575 2228
576 2243
577 2258
578 2274
579 2290
580 2307
581 2324
582 2341
583 2359
584 2377
585 2396
586 2414
587 2433
588 2452
589 2471
590 2492
591 2511
592 2532
593 2552
594 2572
595 2593
596 2613
597 2634
598 2655
599 2675
600 2697
601 2717
602 2737
603 2759
604 2779
605 2799
606 2820
607 2840
608 2860
609 2880
610 2900
611 2920
612 2939
613 2958
614 2977
615 2995
616 3013
617 3031
618 3049
619 3066
620 3083
621 3099
622 3115
623 3131
624 3146
625 3160
626 3174
627 3187
628 3201
629 3214
630 3226
631 3237
632 3248
633 3258
634 3268
635 3278
636 3286
637 3294
638 3301
639 3308
640 3314
641 3319
642 3324
643 3328
644 3331
645 3334
646 3336
647 3338
648 3339
649 3339
650 3338
651 3337
652 3335
653 3332
654 3329
655 3325
656 3320
657 3315
658 3309
659 3302
660 3295
661 3287
662 3278
663 3268
664 3258
665 3248
666 3237
667 3225
668 3213
669 3200
670 3187
671 3173
672 3158
673 3143
674 3128
675 3111
676 3095
677 3078
678 3061
679 3043
680 3025
681 3006
682 2986
683 2967
684 2947
685 2927
686 2907
687 2887
688 2865
689 2844
690 2822
691 2801
692 2779
693 2756
694 2734
695 2712
696 2690
697 2667
698 2644
699 2622
700 2600
701 2576
702 2554
703 2531
704 2509
705 2486
706 2464
707 2442
708 2419
709 2397
710 2376
711 2353
712 2332
713 2311
714 2290
715 2270
716 2250
717 2229
718 2210
719 2191
720 2171
721 2153
722 2135
723 2117
724 2100
725 2083
726 2067
727 2052
728 2036
729 2021
730 2006
731 1993
732 1980
733 1967
734 1955
735 1943
736 1933
737 1922
738 1913
739 1903
740 1895
741 1888
742 1880
743 1874
744 1868
745 1863
746 1858
747 1855
748 1851
749 1849
750 1847
751 1846
752 1845
753 1846
754 1846
755 1847
756 1850
757 1852
758 1856
759 1860
760 1865
761 1870
762 1877
763 1883
764 1890
765 1898
766 1906
767 1916
768 1925
769 1935
770 1946
771 1957
772 1970
773 1982
774 1994
775 2008
776 2021
777 2035
778 2050
779 2065
780 2081
781 2097
782 2113
783 2130
784 2147
785 2164
786 2182
787 2199
788 2217
789 2236
790 2255
791 2273
792 2292
793 2312
794 2331
795 2350
796 2370
797 2389
798 2409
799 2428
800 2449
801 2468
802 2487
803 2507
804 2527
805 2546
806 2565
807 2584
808 2604
809 2623
810 2641
811 2660
812 2679
813 2697
814 2714
815 2731
816 2748
817 2766
818 2782
819 2798
820 2814
821 2829
822 2845
823 2859
824 2873
825 2886
826 2899
827 2911
828 2924
829 2936
830 2947
831 2957
832 2967
833 2976
834 2986
835 2994
836 3001
837 3008
838 3014
839 3020
840 3025
841 3029
842 3034
843 3037
844 3039
845 3041
846 3042
847 3042
848 3042
849 3041
850 3039
851 3037
852 3035
853 3031
854 3027
855 3022
856 3016
857 3010
858 3003
859 2995
860 2987
861 2978
862 2968
863 2958
864 2947
865 2936
866 2924
867 2911
868 2898
869 2885
870 2871
871 2856
872 2840
873 2824
874 2808
875 2791
876 2774
877 2756
878 2738
879 2719
880 2700
881 2680
882 2660
883 2640
884 2619
885 2598
886 2577
887 2556
888 2534
889 2512
890 2489
891 2467
892 2444
893 2421
894 2398
895 2375
896 2352
897 2329
898 2304
899 2281
900 2258
901 2234
902 2211
903 2187
904 2164
905 2141
906 2118
907 2095
908 2072
909 2049
910 2027
911 2004
912 1982
913 1960
914 1939
915 1918
916 1897
917 1875
918 1855
919 1835
920 1815
921 1796
922 1777
923 1759
924 1741
925 1724
926 1707
927 1691
928 1675
929 1658
930 1643
931 1629
932 1615
933 1602
934 1589
935 1577
936 1566
937 1555
938 1545
939 1534
940 1525
941 1517
942 1509
943 1502
944 1496
945 1490
946 1485
947 1481
948 1476
949 1473
950 1471
951 1469
952 1468
953 1468
954 1468
955 1469
956 1471
957 1472
958 1475
959 1479
960 1483
961 1488
962 1494
963 1500
964 1507
965 1513
966 1521
967 1530
968 1539
969 1549
970 1559
971 1570
972 1581
973 1593
974 1605
975 1618
976 1631
977 1645
978 1659
979 1673
980 1688
981 1704
982 1720
983 1736
984 1753
985 1770
986 1787
987 1803
988 1821
989 1839
990 1858
991 1876
992 1895
993 1914
994 1932
995 1951
996 1970
997 1989
998 2009
999 2028
1000 2048
1001 2066
1002 2085
1003 2105
1004 2124
1005 2143
1006 2162
1007 2180
1008 2199
1009 2218
1010 2236
1011 2255
1012 2273
1013 2291
1014 2307
1015 2324
1016 2341
1017 2358
1018 2374
1019 2390
1020 2406
1021 2421
1022 2435
1023 2449
1024 2463
1025 2476
1026 2489
1027 2501
1028 2513
1029 2524
1030 2535
1031 2545
1032 2555
1033 2564
1034 2573
1035 2581
1036 2587
1037 2594
1038 2600
1039 2606
1040 2611
1041 2615
1042 2619
1043 2622
1044 2623
1045 2625
1046 2626
1047 2626
1048 2626
1049 2625
1050 2623
1051 2621
1052 2618
1053 2613
1054 2609
1055 2604
1056 2598
1057 2592
1058 2585
1059 2577
1060 2569
1061 2560
1062 2549
1063 2539
1064 2528
1065 2517
1066 2505
1067 2492
1068 2479
1069 2465
1070 2451
1071 2436
1072 2419
1073 2403
1074 2387
1075 2370
1076 2353
1077 2335
1078 2317
1079 2298
1080 2279
1081 2259
1082 2239
1083 2219
1084 2197
1085 2176
1086 2155
1087 2134
1088 2112
1089 2090
1090 2067
1091 2045
1092 2022
1093 1999
1094 1976
1095 1953
1096 1930
1097 1907
1098 1883
1099 1860
1100 1837
1101 1813
1102 1790
1103 1765
1104 1742
1105 1719
1106 1696
1107 1673
1108 1650
1109 1627
1110 1605
1111 1582
1112 1560
1113 1538
1114 1517
1115 1496
1116 1475
1117 1454
1118 1434
1119 1414
1120 1394
1121 1375
1122 1356
1123 1338
1124 1320
1125 1303
1126 1286
1127 1270
1128 1254
1129 1238
1130 1223
1131 1209
1132 1196
1133 1183
1134 1170
1135 1158
1136 1147
1137 1136
1138 1126
1139 1116
1140 1107
1141 1099
1142 1091
1143 1084
1144 1078
1145 1072
1146 1067
1147 1063
1148 1059
1149 1057
1150 1055
1151 1053
1152 1052
1153 1052
1154 1052
1155 1053
1156 1055
1157 1057
1158 1060
1159 1065
1160 1069
1161 1074
1162 1080
1163 1086
1164 1093
1165 1100
1166 1108
1167 1118
1168 1127
1169 1137
1170 1147
1171 1158
1172 1170
1173 1183
1174 1195
1175 1208
1176 1221
1177 1235
1178 1249
1179 1265
1180 1280
1181 1296
1182 1312
1183 1328
1184 1346
1185 1363
1186 1380
1187 1397
1188 1415
1189 1434
1190 1453
1191 1471
1192 1490
1193 1510
1194 1529
1195 1548
1196 1567
1197 1587
1198 1607
1199 1626
1200 1646
1201 1666
1202 1685
1203 1705
1204 1724
1205 1744
1206 1763
1207 1782
1208 1802
1209 1821
1210 1839
1211 1858
1212 1877
1213 1895
1214 1912
1215 1930
1216 1947
1217 1964
1218 1981
1219 1997
1220 2013
1221 2029
1222 2044
1223 2059
1224 2073
1225 2086
1226 2100
1227 2112
1228 2124
1229 2137
1230 2148
1231 2159
1232 2169
1233 2178
1234 2188
1235 2196
1236 2204
1237 2211
1238 2217
1239 2224
1240 2229
1241 2234
1242 2238
1243 2242
1244 2244
1245 2247
1246 2248
1247 2248
1248 2249
1249 2248
1250 2247
1251 2245
1252 2243
1253 2239
1254 2236
1255 2231
1256 2226
1257 2220
1258 2214
1259 2206
1260 2199
1261 2191
1262 2181
1263 2172
1264 2161
1265 2151
1266 2139
1267 2127
1268 2114
1269 2101
1270 2088
1271 2073
1272 2058
1273 2042
1274 2027
1275 2011
1276 1994
1277 1977
1278 1959
1279 1941
1280 1923
1281 1903
1282 1884
1283 1865
1284 1844
1285 1824
1286 1804
1287 1783
1288 1762
1289 1741
1290 1718
1291 1697
1292 1675
1293 1652
1294 1630
1295 1608
1296 1585
1297 1563
1298 1540
1299 1518
1300 1495
1301 1472
1302 1450
1303 1427
1304 1404
1305 1382
1306 1360
1307 1338
1308 1315
1309 1293
1310 1272
1311 1250
1312 1229
1313 1207
1314 1187
1315 1167
1316 1147
1317 1127
1318 1108
1319 1088
1320 1069
1321 1051
1322 1033
1323 1016
1324 999
1325 983
1326 966
1327 951
1328 936
1329 921
1330 907
1331 894
1332 881
1333 869
1334 857
1335 846
1336 836
1337 826
1338 816
1339 807
1340 799
1341 792
1342 785
1343 779
1344 774
1345 769
1346 765
1347 762
1348 759
1349 757
1350 756
1351 755
1352 755
1353 756
1354 758
1355 760
1356 763
1357 766
1358 770
1359 775
1360 780
1361 786
1362 793
1363 800
1364 808
1365 816
1366 826
1367 836
1368 846
1369 857
1370 868
1371 880
1372 893
1373 907
1374 920
1375 934
1376 948
1377 963
1378 979
1379 995
1380 1011
1381 1028
1382 1045
1383 1063
1384 1081
1385 1099
1386 1117
1387 1136
1388 1155
1389 1174
1390 1194
1391 1214
1392 1234
1393 1254
1394 1274
1395 1295
1396 1315
1397 1335
1398 1357
1399 1377
1400 1398
1401 1419
1402 1439
1403 1460
1404 1481
1405 1501
1406 1522
1407 1542
1408 1562
1409 1583
1410 1602
1411 1623
1412 1642
1413 1661
1414 1680
1415 1698
1416 1717
1417 1735
1418 1753
1419 1770
1420 1787
1421 1804
1422 1820
1423 1836
1424 1851
1425 1866
1426 1880
1427 1894
1428 1907
1429 1921
1430 1933
1431 1945
1432 1957
1433 1967
1434 1978
1435 1987
1436 1996
1437 2004
1438 2012
1439 2019
1440 2026
1441 2032
1442 2037
1443 2042
1444 2046
1445 2049
1446 2052
1447 2053
1448 2055
1449 2056
1450 2055
1451 2055
1452 2054
1453 2051
1454 2049
1455 2046
1456 2042
1457 2037
1458 2032
1459 2026
1460 2019
1461 2012
1462 2004
1463 1996
1464 1986
1465 1977
1466 1967
1467 1956
1468 1944
1469 1932
1470 1920
1471 1907
1472 1893
1473 1878
1474 1864
1475 1849
1476 1834
1477 1818
1478 1802
1479 1784
1480 1767
1481 1749
1482 1731
1483 1713
1484 1694
1485 1675
1486 1656
1487 1637
1488 1616
1489 1596
1490 1575
1491 1555
1492 1534
1493 1513
1494 1492
1495 1471
1496 1450
1497 1429
1498 1407
1499 1386
1500 1365
1501 1343
1502 1322
1503 1300
1504 1279
1505 1258
1506 1237
1507 1216
1508 1195
1509 1174
1510 1154
1511 1133
1512 1113
1513 1094
1514 1075
1515 1056
1516 1037
1517 1018
1518 1000
1519 982
1520 964
1521 947
1522 931
1523 915
1524 899
1525 884
1526 869
1527 855
1528 842
1529 828
1530 815
1531 803
1532 791
1533 781
1534 770
1535 760
1536 751
1537 743
1538 735
1539 727
1540 720
1541 715
1542 709
1543 704
1544 701
1545 697
1546 694
1547 692
1548 691
1549 690
1550 690
1551 691
1552 692
1553 694
1554 697
1555 700
1556 705
1557 709
1558 714
1559 721
1560 727
1561 734
1562 743
1563 751
1564 761
1565 770
1566 781
1567 792
1568 804
1569 816
1570 828
1571 842
1572 856
1573 871
1574 885
1575 901
1576 916
1577 933
1578 949
1579 967
1580 984
1581 1003
1582 1022
1583 1040
1584 1060
1585 1079
1586 1099
1587 1118
1588 1139
1589 1160
1590 1181
1591 1202
1592 1223
1593 1245
1594 1267
1595 1288
1596 1310
1597 1331
1598 1354
1599 1376
1600 1398
1601 1420
1602 1442
1603 1464
1604 1486
1605 1508
1606 1529
1607 1551
1608 1573
1609 1595
1610 1615
1611 1637
1612 1658
1613 1679
1614 1698
1615 1718
1616 1738
1617 1758
1618 1776
1619 1795
1620 1814
1621 1832
1622 1850
1623 1866
1624 1883
1625 1899
1626 1915
1627 1930
1628 1944
1629 1959
1630 1973
1631 1986
1632 1999
1633 2011
1634 2023
1635 2033
1636 2043
1637 2053
1638 2062
1639 2071
1640 2079
1641 2086
1642 2093
1643 2099
1644 2104
1645 2109
1646 2113
1647 2115
1648 2118
1649 2120
1650 2121
1651 2122
1652 2122
1653 2121
1654 2120
1655 2118
1656 2115
1657 2112
1658 2108
1659 2103
1660 2098
1661 2092
1662 2085
1663 2079
1664 2071
1665 2063
1666 2054
1667 2044
1668 2034
1669 2023
1670 2012
1671 2000
1672 1987
1673 1974
1674 1961
1675 1948
1676 1934
1677 1919
1678 1904
1679 1888
1680 1872
1681 1855
1682 1839
1683 1822
1684 1804
1685 1786
1686 1768
1687 1750
1688 1732
1689 1713
1690 1693
1691 1674
1692 1654
1693 1635
1694 1615
1695 1595
1696 1575
1697 1556
1698 1535
1699 1515
1700 1495
1701 1475
1702 1455
1703 1434
1704 1414
1705 1395
1706 1375
1707 1355
1708 1336
1709 1316
1710 1297
1711 1278
1712 1259
1713 1240
1714 1223
1715 1205
1716 1187
1717 1170
1718 1153
1719 1136
1720 1120
1721 1104
1722 1088
1723 1074
1724 1059
1725 1046
1726 1032
1727 1019
1728 1007
1729 994
1730 983
1731 972
1732 961
1733 952
1734 942
1735 934
1736 926
1737 919
1738 912
1739 906
1740 900
1741 895
1742 891
1743 887
1744 885
1745 882
1746 881
1747 880
1748 880
1749 880
1750 882
1751 883
1752 886
1753 889
1754 893
1755 898
1756 903
1757 909
1758 915
1759 923
1760 930
1761 939
1762 948
1763 958
1764 969
1765 979
1766 991
1767 1003
1768 1016
1769 1030
1770 1043
1771 1058
1772 1073
1773 1089
1774 1105
1775 1121
1776 1138
1777 1156
1778 1173
1779 1192
1780 1210
1781 1230
1782 1250
1783 1269
1784 1290
1785 1311
1786 1331
1787 1352
1788 1374
1789 1395
1790 1418
1791 1440
1792 1463
1793 1485
1794 1508
1795 1531
1796 1553
1797 1576
1798 1600
1799 1623
1800 1646
1801 1669
1802 1692
1803 1716
1804 1738
1805 1761
1806 1784
1807 1807
1808 1829
1809 1852
1810 1874
1811 1897
1812 1918
1813 1940
1814 1961
1815 1982
1816 2003
1817 2023
1818 2043
1819 2063
1820 2083
1821 2102
1822 2120
1823 2138
1824 2156
1825 2173
1826 2190
1827 2206
1828 2221
1829 2237
1830 2252
1831 2266
1832 2280
1833 2293
1834 2305
1835 2317
1836 2328
1837 2339
1838 2349
1839 2359
1840 2368
1841 2376
1842 2383
1843 2390
1844 2396
1845 2402
1846 2407
1847 2411
1848 2415
1849 2418
1850 2420
1851 2422
1852 2422
1853 2422
1854 2422
1855 2421
1856 2419
1857 2417
1858 2414
1859 2410
1860 2406
1861 2401
1862 2395
1863 2389
1864 2382
1865 2375
1866 2367
1867 2358
1868 2349
1869 2338
1870 2328
1871 2317
1872 2305
1873 2293
1874 2281
1875 2268
1876 2255
1877 2241
1878 2227
1879 2212
1880 2197
1881 2181
1882 2165
1883 2149
1884 2132
1885 2115
1886 2098
1887 2081
1888 2063
1889 2045
1890 2026
1891 2008
1892 1989
1893 1970
1894 1951
1895 1932
1896 1913
1897 1894
1898 1875
1899 1856
1900 1837
1901 1817
1902 1798
1903 1778
1904 1759
1905 1740
1906 1721
1907 1702
1908 1683
1909 1664
1910 1646
1911 1627
1912 1609
1913 1591
1914 1574
1915 1557
1916 1540
1917 1524
1918 1508
1919 1492
1920 1476
1921 1461
1922 1446
1923 1432
1924 1418
1925 1405
1926 1392
1927 1380
1928 1368
1929 1357
1930 1346
1931 1336
1932 1326
1933 1317
1934 1308
1935 1300
1936 1293
1937 1286
1938 1280
1939 1275
1940 1270
1941 1266
1942 1262
1943 1259
1944 1257
1945 1255
1946 1254
1947 1254
1948 1255
1949 1256
1950 1258
1951 1260
1952 1263
1953 1267
1954 1271
1955 1276
1956 1282
1957 1289
1958 1296
1959 1304
1960 1312
1961 1321
1962 1331
1963 1341
1964 1352
1965 1364
1966 1376
1967 1389
1968 1402
1969 1416
1970 1430
1971 1445
1972 1462
1973 1478
1974 1494
1975 1511
1976 1528
1977 1546
1978 1564
1979 1584
1980 1603
1981 1623
1982 1643
1983 1663
1984 1684
1985 1705
1986 1726
1987 1748
1988 1770
1989 1792
1990 1815
1991 1837
1992 1860
1993 1883
1994 1907
1995 1930
1996 1953
1997 1976
1998 2000
1999 2023
